Epoch	AverageEpRet	StdEpRet	MaxEpRet	MinEpRet	AverageEpCost	StdEpCost	MaxEpCost	MinEpCost	EpLen	AverageVVals	StdVVals	MaxVVals	MinVVals	TotalEnvInteracts	LossPi	LossV	DeltaLossPi	DeltaLossV	Entropy	KL	ClipFrac	StopIter	Time
0	-3.1391647	2.3164535	0.10265779	-11.481241	32.265903	33.376617	196.67245	0.021849573	69.52804	-0.019907698	0.16192129	0.52280587	-0.48554176	30000	-2.3616555e-07	9.506278	-0.047826983	-4.4488883	0.9189385	0.036319353	0.43623334	1.0	1571.3924996852875
1	-3.3200204	2.2289472	0.10265779	-14.311814	27.581514	29.98571	219.32492	0.0	66.54121	-0.732815	1.7558409	4.44968	-5.233291	60000	-3.7839246e-08	5.5154843	-0.05964333	-2.812662	0.9188884	0.032719474	0.38323334	1.0	3129.6115176677704
2	-3.7744155	2.571263	0.10265779	-15.221625	22.008478	22.88511	144.21983	0.0	60.49091	-0.4441926	2.837003	13.931368	-3.3494651	90000	6.928591e-08	4.0058827	-0.040859338	-0.52048445	0.91883683	0.022327987	0.35306665	1.0	4073.4193801879883
3	-4.2402825	2.7227795	0.10265779	-17.206593	17.96448	17.53622	110.805916	0.0059256577	53.514286	-0.58230126	3.1454196	15.961823	-3.746716	120000	6.06568e-08	4.9556065	-0.027293734	-0.6126213	0.91873527	0.02088547	0.31686667	1.0	4954.314702510834
4	-4.7969365	2.9038696	0.10265779	-16.84038	14.087188	15.23708	81.109055	0.0	45.514416	-0.80854166	3.4626846	17.174322	-4.318329	150000	4.081459e-08	5.6858945	-0.022418892	-0.60450125	0.9186168	0.02035169	0.30133334	1.0	5962.273152112961
5	-5.212017	3.2344584	0.10265779	-20.640066	12.351062	12.158881	60.08471	0.0	43.360348	-0.98445284	3.6951005	17.4507	-4.819103	180000	-4.7305676e-08	6.5457363	-0.022412796	-0.60526943	0.91849893	0.018490955	0.28643334	1.0	7457.523036956787
6	-5.335883	3.189431	0.10265779	-20.987062	10.588791	11.278493	86.922035	0.0	39.966667	-0.9596516	4.0447536	19.433731	-5.1973486	210000	-4.334497e-08	6.968831	-0.02286373	-0.6901789	0.91839933	0.017301952	0.28316668	1.0	8946.810569763184
7	-5.874036	3.4913433	0.10265779	-20.467253	9.226411	11.05001	100.25325	0.0	37.894936	-0.9513835	4.291533	20.77393	-5.4779053	240000	4.863872e-09	8.566077	-0.017053215	-0.94405985	0.91830504	0.01651569	0.2692	1.0	10363.784469366074
8	-6.5040073	3.714448	0.10265779	-20.674814	8.670683	9.149408	68.2237	0.0	37.191067	-1.054581	4.6399984	23.602436	-6.006657	270000	1.8571843e-08	9.842204	-0.014543301	-1.1398411	0.91820943	0.01635844	0.2622	1.0	11739.214240789413
9	-6.593109	3.6816344	0.10265779	-22.154392	7.156924	7.892072	67.6584	0.0	33.521835	-1.1310519	4.974841	25.163061	-6.4841423	300000	1.0481196e-08	9.54879	-0.011031993	-1.2163649	0.91810983	0.014037433	0.23956667	1.0	13146.824467420578
10	-7.2128158	3.9633796	0.10265779	-24.099041	6.610778	7.0363746	48.323067	0.0	32.835705	-0.9804879	5.2950773	26.533857	-6.824265	330000	2.8868161e-08	11.717452	-0.009573862	-1.7648144	0.9180268	0.016804283	0.22483334	1.0	14498.26253581047
11	-7.577098	4.157434	0.034529418	-25.855843	5.784751	6.45701	46.57601	0.0	29.887339	-1.441139	5.549961	27.967194	-7.8613853	360000	-3.9283004e-11	13.109236	-0.003984906	-1.5873747	0.9179554	0.013359268	0.20093334	1.0	15762.662190198898
12	-8.238866	4.339352	0.10265779	-29.12116	4.845468	5.3655415	35.4282	0.0	27.143892	-1.4057403	5.8218527	27.480663	-7.9346056	390000	-3.4144552e-08	13.98382	-0.010966491	-1.964262	0.91788465	0.045578256	0.4909	2.0	17252.970051288605
13	-9.003381	4.6988645	0.10265779	-32.299915	4.2500205	5.056977	43.40251	0.0	25.950691	-1.2903684	6.5066876	30.06646	-8.587784	420000	4.313411e-09	18.109436	-0.0054959855	-2.7757664	0.91774905	0.03646663	0.43873334	2.0	18079.283093690872
14	-9.725872	4.886379	0.10265779	-45.487892	3.6934848	4.262948	34.766914	0.0	24.152174	-1.4312792	7.063198	34.37869	-9.498347	450000	-2.4641086e-08	19.200739	-0.0033232076	-3.1338787	0.91762507	0.028350582	0.3841	2.0	18830.31798505783
15	-10.483441	5.0841064	0.10265779	-30.419098	3.0974865	3.6165571	30.254456	0.0	21.61788	-1.5997847	7.644355	34.78487	-10.9670925	480000	-1.8001455e-08	20.569077	-0.003022023	-3.2314548	0.9174989	0.023043819	0.3303	2.0	19704.240365982056
16	-11.146842	5.524976	0.10265779	-35.432495	2.8538992	3.4562013	32.414913	0.0	21.30249	-1.6632011	8.099766	36.195248	-11.160919	510000	2.348789e-08	25.013338	-0.0036727765	-4.0775356	0.9173671	0.018717475	0.28763333	2.0	20998.78214454651
17	-11.747508	5.711896	0.009972805	-39.813293	2.67078	3.2444286	28.808496	0.0	20.942	-1.8763711	8.549102	38.581165	-12.361323	540000	2.1106874e-08	28.148863	-0.002593057	-4.609949	0.9172249	0.015308258	0.25286666	2.0	22280.041367292404
18	-12.29094	5.921655	0.10265779	-42.933987	2.3994558	2.9299047	25.001347	0.0	19.370802	-2.2040322	9.082052	42.584343	-13.1359215	570000	-4.676448e-09	30.277454	-0.003748627	-4.710554	0.9170868	0.015556315	0.23516667	2.0	23533.976907730103
19	-12.8316965	6.1707754	0.0025207184	-44.807743	2.3105118	2.8558223	20.191868	0.0	19.34236	-2.1075199	9.591343	43.07723	-13.829764	600000	-2.0922641e-08	32.099155	-0.004119803	-5.2478085	0.91695744	0.013417117	0.21616666	2.0	24758.83697962761
20	-13.204525	6.3537707	0.07687443	-44.1386	2.1432087	2.5344083	18.899715	0.0	18.3474	-2.2754273	9.948707	45.34099	-14.42488	630000	-2.8338452e-08	35.73496	-0.0028529994	-5.84787	0.91683996	0.013555177	0.19793333	2.0	25918.730270385742
21	-13.791488	6.5123	0.10265779	-51.221912	1.9279906	2.3561087	15.79792	0.0	17.802374	-2.4955018	10.232596	48.747074	-14.849757	660000	-2.0707652e-08	36.80752	-0.0030421063	-6.3387985	0.9167247	0.012106518	0.18613334	2.0	27067.74579024315
22	-14.31369	6.601043	0.010857236	-37.870132	1.9389504	2.35117	15.794065	0.0	18.09113	-2.5436978	10.5187435	49.706604	-15.7578745	690000	1.9692566e-08	37.966343	-0.00092292967	-6.569372	0.9166138	0.020839939	0.29996666	3.0	28242.338834762573
23	-14.883553	7.042005	0.10265779	-54.804462	1.7448518	2.1848948	15.617054	0.0	16.9272	-2.511443	11.1003065	51.344936	-15.96498	720000	1.5273869e-09	42.703365	-0.003476861	-7.755718	0.9164389	0.016777469	0.23866667	3.0	29342.445306539536
